bpm =

   339

note
     1

     note: -1
      amp: 1
    beats: 1

     2

     note: [-1 3]
      amp: [1 0.9917]
    beats: 8.8013

     3

     note: [-1 0 7]
      amp: [1 0.7718 0.8418]
    beats: 2.4342

     4

     note: -1
      amp: 1
    beats: 2.5226

     5

     note: [-1 0 2 9]
      amp: [0.4545 0.5336 1 0.5910]
    beats: 2.4965

     6

     note: [-2 3]
      amp: [0.6840 1]
    beats: 2.9929

     7

     note: [-2 5 9]
      amp: [0.8920 0.9249 1]
    beats: 2.2291

     8

     note: [-3 -1]
      amp: [1 0.8797]
    beats: 2.5290

     9

     note: -3
      amp: 1
    beats: 2.8557

    10

     note: [-3 -2 2]
      amp: [1 0.5078 0.5713]
    beats: 4.7143

    11

     note: [-4 -1 0 10]
      amp: [0.9399 0.8781 1 0.4950]
    beats: 6.8642

    12

     note: [-4 -1 3]
      amp: [0.8617 0.8406 1]
    beats: 4.8175

    13

     note: [-1 1 3]
      amp: [0.6978 0.8780 1]
    beats: 3.1959

    14

     note: [-1 3 10]
      amp: [1 0.6514 0.5378]
    beats: 2.7001

    15

     note: 6
      amp: 1
    beats: 1.5035

    16

     note: [-1 6]
      amp: [0.4330 1]
    beats: 1.6542

    17

     note: -1
      amp: 1
    beats: 2.0325

    18

     note: [1 5 10]
      amp: [0.5550 1 0.7581]
    beats: 1.3798

    19

     note: [-6 3 4 10]
      amp: [0.5552 0.7905 1 0.6310]
    beats: 1.3755

    20

     note: 3
      amp: 1
    beats: 1.1874

    21

     note: [1 2 10]
      amp: [0.4675 1 0.5369]
    beats: 1.4095

    22

     note: [1 10]
      amp: [1 0.9487]
    beats: 2.5672

    23

     note: 0
      amp: 1
    beats: 2.5332

    24

     note: [0 2]
      amp: [0.6872 1]
    beats: 1.7164

    25

     note: [-5 0 2]
      amp: [0.4945 0.6757 1]
    beats: 1.5594

    26

     note: [-5 -4 0 1]
      amp: [0.6417 0.4611 1 0.7279]
    beats: 2.8854

    27

     note: [-3 0]
      amp: [1 0.5626]
    beats: 2.6556

    28

     note: -1
      amp: 1
    beats: 3.1195

    29

     note: [-1 0 3]
      amp: [1 0.5272 0.9172]
    beats: 2.6860

    30

     note: -1
      amp: 1
    beats: 3.6789

    31

     note: -1
      amp: 0.5404
    beats: 7.9059
